mu = 3.986e5; % [km^3/s^2]
R_earth = 6378; % [km] 
J_2 = 0.0010826; % [-]
G_s = 1358; % [W/m^2]

c = 2.9979e8; % [m/s]
